     1    128     96


 1

     1      6    -4.3317134753   0.013145004542       1.6826  AAAAAA
     2      1    -7.4786142580   0.000565039873       0.0723  AAAAAD
     3      1    -6.0240035363   0.002419961770       0.3098  AAAAAS
     4      1   -10.8892854843   0.000018657068       0.0024  AAAAEK
     5      1    -7.5991022138   0.000500900934       0.0641  AAAAGA
     6      1    -6.9007924543   0.001006987122       0.1289  AAAATA
     7      1   -10.7632467228   0.000021163200       0.0027  AAAQAS
     8      1   -14.5563808879   0.000000476699       0.0001  ATATAD
     9      8    -4.7558354702   0.008601355514       1.1010  CCCCCC
    10      2    -4.4360766622   0.011842308875       1.5158  DDDDDD
    11      1    -6.4880788348   0.001521469196       0.1947  DDDDED
    12      1    -9.9632767405   0.000047098154       0.0060  DDDDSN
    13      1   -14.0078241340   0.000000825048       0.0001  DDDQKD
    14      1    -8.5459345925   0.000194333541       0.0249  DDDSDD
    15      1   -11.3999234380   0.000011196342       0.0014  DNNNDN
    16      2    -4.1126037506   0.016365108343       2.0947  EEEEEE
    17      1    -7.6789817610   0.000462445539       0.0592  EEEEES
    18      1   -19.0384608004   0.000000005391       0.0000  EQRQEG
    19      1   -17.6889043392   0.000000020788       0.0000  EQRQKR
    20      1    -4.1403610177   0.015917104110       2.0374  FFFFFF
    21      1    -7.1370005086   0.000795133519       0.1018  FFFYFF
    22      1   -19.4903903914   0.000000003431       0.0000  GDGNSN
    23      1    -6.4999119174   0.001503571626       0.1925  GGGGGE
    24      4    -3.5563829665   0.028541875151       3.6534  GGGGGG
    25      1    -7.1182576436   0.000810177139       0.1037  GGGGGN
    26      1    -8.8252767557   0.000146970782       0.0188  GGGGSA
    27      1   -11.1293086230   0.000014675830       0.0019  GGGGTN
    28      1   -10.5379436639   0.000026511190       0.0034  GGGNGS
    29      1   -13.7658526521   0.000001050912       0.0001  GGGRNS
    30      1   -12.4737175859   0.000003825897       0.0005  HHHGHN
    31      1    -9.9327453825   0.000048558302       0.0062  HHRHHH
    32      1    -4.6880367043   0.009204740054       1.1782  IIIIII
    33      2    -6.3341853585   0.001774590905       0.2271  IIIIIL
    34      1    -7.1205344378   0.000808334631       0.1035  IIIIIM
    35      1   -10.6828004150   0.000022936055       0.0029  IILIVI
    36      1   -12.0788847845   0.000005678152       0.0007  IIVTVV
    37      4    -4.1168014181   0.016296557038       2.0860  KKKKKK
    38      1    -9.9604835781   0.000047229891       0.0060  KKKQKE
    39      1   -17.5077935553   0.000000024915       0.0000  KQQREA
    40      1   -13.1403054316   0.000001964436       0.0003  KRRRHK
    41      1   -13.0770958726   0.000002092615       0.0003  KRRRKA
    42      1   -18.4532312372   0.000000009680       0.0000  KRRYKG
    43      1    -6.8753647873   0.001032920774       0.1322  LLLFLL
    44      3    -3.3436722415   0.035307063304       4.5193  LLLLLL
    45      1    -6.2498173943   0.001930806680       0.2471  LLLLLM
    46      1    -7.0985683328   0.000826287045       0.1058  LLLLML
    47      1   -13.3582264392   0.000001579778       0.0002  LLLNLQ
    48      1   -12.4976521839   0.000003735413       0.0005  LLMMLM
    49      1    -8.4402717274   0.000215991452       0.0276  NDDDDD
    50      1   -12.4554617688   0.000003896383       0.0005  NDDDNE
    51      1   -10.0162264528   0.000044669195       0.0057  NNNDDN
    52      1    -9.5885046496   0.000068511794       0.0088  NNNDNK
    53      1    -7.4844805400   0.000561734893       0.0719  NNNDNN
    54      1    -7.9828299454   0.000341272273       0.0437  NNNNDD
    55      1    -7.0978770590   0.000826858433       0.1058  NNNNNK
    56      3    -4.9934781440   0.006782034529       0.8681  NNNNNN
    57      1   -13.8203174317   0.000000995205       0.0001  NNNRSK
    58      1   -12.8535406014   0.000002616846       0.0003  PPAPPN
    59      1    -7.5303880087   0.000536530038       0.0687  PPPPPR
    60      1   -15.6354061313   0.000000162043       0.0000  QQQGSE
    61      1   -11.7538527339   0.000007858988       0.0010  QQQKRK
    62      1    -9.5161674751   0.000073651395       0.0094  QQQQED
    63      1    -6.7168323641   0.001210366147       0.1549  QQQQQK
    64      1    -4.7119727511   0.008987030908       1.1503  QQQQQQ
    65      1   -13.0785748411   0.000002089523       0.0003  RHRRKK
    66      1   -13.7707613984   0.000001045766       0.0001  RRRQKV
    67      1    -6.7070636231   0.001222247841       0.1564  RRRRKR
    68      1    -7.3919815220   0.000616173781       0.0789  RRRRRH
    69      1    -5.7942937978   0.003044879968       0.3897  RRRRRK
    70      1   -10.6916629657   0.000022733682       0.0029  RRRRTS
    71      1    -9.6397695458   0.000065088053       0.0083  SNSSSS
    72      1   -14.8846116582   0.000000343317       0.0000  SSRRSR
    73      1   -10.3672665321   0.000031445127       0.0040  SSRSSS
    74      1   -12.0330447501   0.000005944496       0.0008  SSSPSM
    75      1    -6.5953019013   0.001366774217       0.1749  SSSSSN
    76      3    -4.7199976606   0.008915199404       1.1411  SSSSSS
    77      1   -13.5323658849   0.000001327297       0.0002  TTTRTF
    78      1    -7.5789920807   0.000511076087       0.0654  TTTTTK
    79      1    -6.1977912967   0.002033918000       0.2603  TTTTTS
    80      1    -4.7366558152   0.008767918752       1.1223  TTTTTT
    81      1   -15.0254769291   0.000000298207       0.0000  VIIVVY
    82      1   -12.6772288316   0.000003121400       0.0004  VVMVLV
    83      1    -7.4421631158   0.000586016205       0.0750  VVVIVI
    84      1    -8.1840673634   0.000279064572       0.0357  VVVIVL
    85      1   -13.1420942187   0.000001960925       0.0003  VVVKVS
    86      1    -9.1211474974   0.000109329150       0.0140  VVVLVL
    87      1    -6.3607613655   0.001728050533       0.2212  VVVVIV
    88      1    -7.7216180273   0.000443143006       0.0567  VVVVLL
    89      1    -8.6980004465   0.000166919241       0.0214  VVVVVK
    90      1    -4.4324005763   0.011885922334       1.5214  VVVVVV
    91      1   -15.9416112562   0.000000119302       0.0000  WWWHWY
    92      4    -4.7126725854   0.008980743676       1.1495  WWWWWW
    93      1   -10.8648898120   0.000019117817       0.0024  YYYYWW
    94      2    -6.3130421439   0.001812510924       0.2320  YYYYYF
    95      1    -9.1366625779   0.000107645991       0.0138  YYYYYG
    96      2    -4.3177514232   0.013329823000       1.7062  YYYYYY